              precision    recall  f1-score   support

           0       1.00      1.00      1.00        18
           1       1.00      1.00      1.00        18
           2       0.99      1.00      1.00       443
           3       1.00      0.99      0.99       239
           4       1.00      1.00      1.00        29
           5       0.00      0.00      0.00        16
           6       0.61      0.86      0.72        22
           7       0.91      0.70      0.79        30
           8       1.00      0.96      0.98        27
           9       1.00      1.00      1.00        24
          10       1.00      0.98      0.99        57
          11       1.00      1.00      1.00        65
          12       0.97      1.00      0.98        32
          13       1.00      1.00      1.00        28
          14       1.00      1.00      1.00        19
          15       1.00      1.00      1.00        24
          16       0.95      1.00      0.98        20
          17       1.00      1.00      1.00        21
          18       1.00      1.00      1.00        23
          19       1.00      1.00      1.00        12
          20       0.68      0.79      0.73        19
          21       0.69      0.55      0.61        20
          22       0.98      0.98      0.98        61
          23       1.00      1.00      1.00        14
          24       0.88      1.00      0.94       120

    accuracy                           0.97      1401
   macro avg       0.91      0.91      0.91      1401
weighted avg       0.96      0.97      0.96      1401
